[chevronbw.jpg]
filters=bw=1;MuseumMatte=1,31.578945,22.807016,001a0e03,00f0eae4;finetune2=1,1.000000,0.000000,0.000000,00000000,0.000000;
moddate=41814687cc3ccf01
width=1257
height=1600
textactive=0
